1.178861788617886208e-01 5.365853658536585691e-01
1.544715447154471621e-01 4.796747967479674801e-01
2.276422764227642170e-01 4.552845528455284341e-01
2.967479674796748013e-01 4.349593495934959142e-01
3.658536585365853577e-01 4.146341463414633943e-01
4.390243902439024404e-01 3.861788617886178776e-01
4.918699186991870032e-01 3.617886178861788871e-01
5.325203252032519874e-01 4.105691056910569237e-01
6.016260162601626549e-01 3.943089430894308745e-01
6.504065040650406360e-01 3.780487804878048808e-01
6.747967479674796820e-01 4.349593495934959142e-01
7.317073170731707155e-01 4.593495934959349603e-01
7.560975609756097615e-01 4.634146341463414864e-01
8.495934959349593640e-01 4.512195121951219634e-01
8.252032520325203180e-01 4.674796747967479571e-01
9.430894308943089666e-01 4.878048780487804770e-01
1.000000000000000000e+00 5.203252032520325754e-01
9.552845528455284896e-01 5.650406504065040858e-01
8.780487804878048808e-01 5.772357723577236088e-01
8.130081300813007950e-01 6.097560975609755962e-01
7.235772357723577741e-01 6.097560975609755962e-01
6.504065040650406360e-01 6.016260162601626549e-01
5.731707317073170271e-01 5.934959349593496025e-01
5.000000000000000000e-01 6.056910569105691255e-01
4.227642276422764467e-01 5.853658536585365502e-01
1.585365853658536606e-01 6.747967479674796820e-01
3.943089430894308745e-01 5.813008130081300795e-01
2.439024390243902385e-01 6.219512195121951192e-01
2.642276422764227584e-01 6.056910569105691255e-01
2.886178861788618044e-01 5.894308943089431319e-01
3.089430894308943243e-01 5.772357723577236088e-01
8.130081300813007950e-02 5.894308943089431319e-01
